3 0.50703125 0.309375 0.18125 0.125
6 0.4625 0.12421875 0.15625 0.2484375
6 0.53046875 0.37421875 0.0875 0.1453125
6 0.55859375 0.49453125 0.071875 0.11875
6 0.58515625 0.61953125 0.0875 0.1515625
6 0.61015625 0.72421875 0.0703125 0.1265625
6 0.6375 0.834375 0.06875 0.1296875
6 0.65390625 0.928125 0.0703125 0.103125
5 0.44921875 0.08125 0.1265625 0.1625
0 0.4546875 0.175 0.053125 0.0796875
0 0.56328125 0.44375 0.0625 0.1453125
0 0.58046875 0.62421875 0.05 0.140625
0 0.5484375 0.48515625 0.0296875 0.08125
0 0.5203125 0.3890625 0.05 0.1125