6 0.67890625 0.05234375 0.121875 0.071875
6 0.62734375 0.20703125 0.1578125 0.3125
6 0.5375 0.59453125 0.20625 0.503125
0 0.6421875 0.31640625 0.0875 0.234375
0 0.646875 0.19765625 0.1390625 0.2671875
5 0.63515625 0.16171875 0.1015625 0.1734375
5 0.51640625 0.675 0.125 0.1875
0 0.57109375 0.3265625 0.0671875 0.1390625
0 0.60078125 0.50390625 0.0375 0.0890625
5 0.575 0.4203125 0.078125 0.128125
5 0.72109375 0.05625 0.0375 0.0453125
5 0.5453125 0.5421875 0.0578125 0.1046875
0 0.68359375 0.0453125 0.03125 0.0375
0 0.49453125 0.97421875 0.0296875 0.0515625