3 0.571875 0.3140625 0.1765625 0.090625
6 0.57734375 0.11796875 0.103125 0.234375
6 0.57734375 0.38671875 0.05625 0.1453125
6 0.5734375 0.5203125 0.046875 0.11875
6 0.56640625 0.65625 0.05625 0.153125
6 0.5625 0.77109375 0.04375 0.128125
6 0.56015625 0.89296875 0.040625 0.134375
6 0.55234375 0.97265625 0.0515625 0.0546875
5 0.575 0.0703125 0.0953125 0.140625
0 0.5546875 0.16015625 0.0375 0.078125
0 0.5921875 0.46796875 0.028125 0.153125
0 0.559375 0.659375 0.0140625 0.15
0 0.565625 0.50703125 0.009375 0.0875
0 0.56328125 0.4 0.0234375 0.11875