6 0.55859375 0.0609375 0.03984375 0.121875
6 0.55234375 0.16953125 0.0359375 0.12109375
6 0.5515625 0.2890625 0.034375 0.1171875
6 0.546875 0.41328125 0.0359375 0.12890625
6 0.53828125 0.53984375 0.034375 0.13671875
6 0.5328125 0.6703125 0.0328125 0.125
6 0.53125 0.78125 0.03671875 0.11328125
6 0.525 0.8859375 0.03671875 0.10546875
6 0.52109375 0.96015625 0.03203125 0.0796875
0 0.55078125 0.21328125 0.015625 0.1125
0 0.5546875 0.103125 0.01640625 0.0921875
0 0.5640625 0.18203125 0.0203125 0.0984375