3 0.60703125 0.07265625 0.1609375 0.09375
6 0.6171875 0.0125 0.0484375 0.0171875
6 0.60625 0.1390625 0.05 0.1234375
6 0.60078125 0.25 0.0421875 0.1078125
6 0.590625 0.36796875 0.0484375 0.140625
6 0.578125 0.5 0.0421875 0.134375
6 0.56875 0.63203125 0.046875 0.134375
6 0.55234375 0.75625 0.0453125 0.128125
6 0.540625 0.86796875 0.046875 0.1109375
6 0.534375 0.95859375 0.04375 0.0828125
0 0.5921875 0.24375 0.01875 0.0796875
0 0.61875 0.19453125 0.0359375 0.2171875
0 0.5828125 0.35703125 0.021875 0.15
0 0.56953125 0.509375 0.0203125 0.134375
0 0.59765625 0.13828125 0.0265625 0.1203125
0 0.596875 0.29609375 0.0125 0.0359375
0 0.5546875 0.69765625 0.0171875 0.0625
0 0.59921875 0.38515625 0.021875 0.0875
0 0.55546875 0.62734375 0.0109375 0.046875