6 0.56015625 0.03203125 0.0296875 0.0640625
6 0.55625 0.10859375 0.03671875 0.1125
6 0.5546875 0.23125 0.03671875 0.13828125
6 0.55 0.3390625 0.03671875 0.096875
6 0.546875 0.46171875 0.03984375 0.14765625
6 0.53828125 0.59375 0.034375 0.1109375
6 0.53515625 0.715625 0.03359375 0.1359375
6 0.52734375 0.84140625 0.034375 0.12109375
6 0.5234375 0.9421875 0.03046875 0.11484375
0 0.52421875 0.890625 0.0390625 0.053125
0 0.5328125 0.5828125 0.01796875 0.0875
0 0.5625 0.2328125 0.01328125 0.08359375
0 0.5578125 0.16640625 0.03125 0.07734375