6 0.54453125 0.03125 0.0328125 0.0625
6 0.5421875 0.10703125 0.040625 0.1140625
6 0.5453125 0.2296875 0.0421875 0.1390625
6 0.54453125 0.3375 0.040625 0.0984375
6 0.5453125 0.46015625 0.0453125 0.1484375
6 0.54140625 0.5921875 0.0375 0.1125
6 0.54296875 0.7140625 0.0390625 0.1375
6 0.5390625 0.840625 0.0390625 0.121875
6 0.5390625 0.94140625 0.034375 0.115625
0 0.5375 0.88984375 0.040625 0.0546875
0 0.5359375 0.58125 0.0203125 0.0875
0 0.553125 0.23046875 0.015625 0.084375
0 0.54609375 0.16484375 0.034375 0.078125