6 0.6765625 0.06640625 0.0546875 0.08125
6 0.6484375 0.15 0.065625 0.1265625
6 0.6140625 0.26796875 0.065625 0.1390625
6 0.5734375 0.41015625 0.0765625 0.1734375
6 0.5296875 0.5578125 0.065625 0.1453125
6 0.48828125 0.6953125 0.0640625 0.1578125
6 0.44921875 0.83125 0.0578125 0.1265625
6 0.41640625 0.940625 0.0609375 0.1109375
0 0.64296875 0.1375 0.0375 0.10625
0 0.584375 0.36484375 0.05 0.0953125
0 0.50546875 0.6328125 0.0390625 0.0828125
0 0.68203125 0.11875 0.0421875 0.109375
0 0.55 0.47734375 0.04375 0.1