6 0.5171875 0.175 0.0375 0.140625
6 0.51171875 0.32890625 0.0546875 0.1578125
6 0.51953125 0.490625 0.0390625 0.1625
6 0.52109375 0.66328125 0.04375 0.178125
6 0.52421875 0.809375 0.0375 0.1203125
6 0.52890625 0.94609375 0.0453125 0.1078125
0 0.525 0.71171875 0.0375 0.0890625
0 0.50390625 0.32265625 0.0234375 0.0859375
0 0.521875 0.3671875 0.0234375 0.06875
6 0.51171875 0.05078125 0.0390625 0.1015625
0 0.51875 0.215625 0.0375 0.0703125
0 0.52109375 0.54453125 0.03125 0.08125
0 0.50703125 0.05546875 0.0328125 0.1109375
5 0.51640625 0.1671875 0.03125 0.1