5 0.5359375 0.446875 0.1609375 0.075
6 0.5453125 0.2296875 0.096875 0.29921875
6 0.54921875 0.0390625 0.09609375 0.078125
6 0.540625 0.51171875 0.0484375 0.10625
6 0.53671875 0.615625 0.0421875 0.10390625
6 0.534375 0.7265625 0.0390625 0.1109375
6 0.528125 0.83046875 0.0453125 0.096875
6 0.525 0.93515625 0.046875 0.1296875
5 0.5734375 0.02734375 0.0328125 0.0546875
0 0.521875 0.2890625 0.04140625 0.0515625
0 0.55078125 0.0984375 0.0640625 0.06796875
0 0.54609375 0.35703125 0.028125 0.06796875
5 0.5296875 0.03046875 0.0453125 0.06015625
0 0.525 0.72421875 0.01328125 0.10078125
0 0.5578125 0.590625 0.02109375 0.1171875
0 0.5296875 0.565625 0.01796875 0.17109375
5 0.54296875 0.1984375 0.0828125 0.171875