6 0.56015625 0.0453125 0.034375 0.090625
6 0.55703125 0.146875 0.04296875 0.1125
6 0.55 0.28828125 0.03671875 0.1734375
6 0.546875 0.43984375 0.0390625 0.1375
6 0.5328125 0.5859375 0.06015625 0.1484375
6 0.53515625 0.74296875 0.0515625 0.1578125
6 0.52890625 0.8890625 0.03359375 0.128125
0 0.56953125 0.465625 0.01640625 0.09140625
0 0.52578125 0.5890625 0.02421875 0.0828125
0 0.559375 0.19296875 0.01875 0.0953125
0 0.54296875 0.30390625 0.01640625 0.1375
0 0.5578125 0.30859375 0.01953125 0.1140625