3 0.55859375 0.221875 0.18125 0.1046875
6 0.54609375 0.0765625 0.1203125 0.153125
6 0.56484375 0.2859375 0.0625 0.1359375
6 0.5734375 0.40546875 0.05625 0.0984375
6 0.5765625 0.5296875 0.0578125 0.1421875
6 0.584375 0.6609375 0.0515625 0.1453125
6 0.58828125 0.7875 0.053125 0.1375
6 0.59140625 0.903125 0.0578125 0.1359375
6 0.59140625 0.971875 0.05 0.046875
0 0.58203125 0.33515625 0.04375 0.196875
0 0.553125 0.31015625 0.0265625 0.1203125
0 0.57265625 0.56484375 0.0390625 0.1984375
0 0.5875 0.5140625 0.025 0.0875
0 0.5828125 0.7625 0.028125 0.1140625
0 0.515625 0.06640625 0.05 0.0734375
0 0.56484375 0.40234375 0.0234375 0.103125
5 0.534375 0.028125 0.090625 0.05625