6 0.56015625 0.06015625 0.0359375 0.1203125
6 0.5546875 0.175 0.0375 0.1203125
6 0.55078125 0.290625 0.0328125 0.1234375
6 0.546875 0.41484375 0.0359375 0.13203125
6 0.5390625 0.53515625 0.0359375 0.11953125
6 0.534375 0.65234375 0.03984375 0.1203125
6 0.53046875 0.76640625 0.034375 0.1109375
6 0.52421875 0.8734375 0.04296875 0.10390625
6 0.52265625 0.9609375 0.04140625 0.078125
0 0.5546875 0.20703125 0.0359375 0.10703125
0 0.55078125 0.3375 0.03515625 0.0796875
0 0.553125 0.06171875 0.01640625 0.1234375