6 0.52421875 0.95 0.034375 0.1
6 0.52890625 0.82734375 0.0359375 0.13515625
6 0.53046875 0.68828125 0.0484375 0.14453125
6 0.540625 0.54140625 0.02890625 0.15234375
6 0.54375 0.3921875 0.0328125 0.1625
6 0.55078125 0.2546875 0.03671875 0.14765625
6 0.55703125 0.11796875 0.0375 0.1328125
6 0.5640625 0.034375 0.04453125 0.06875
0 0.52109375 0.68984375 0.02109375 0.103125
0 0.5421875 0.43671875 0.015625 0.0796875
0 0.540625 0.3453125 0.01328125 0.084375
0 0.5609375 0.046875 0.021875 0.07265625
0 0.5609375 0.15703125 0.01875 0.08125