6 0.46953125 0.02734375 0.0515625 0.0546875
6 0.4765625 0.1046875 0.05625 0.115625
6 0.490625 0.2234375 0.0578125 0.1328125
6 0.50546875 0.36171875 0.0578125 0.1546875
6 0.51875 0.51875 0.0546875 0.1484375
6 0.53203125 0.6515625 0.053125 0.1265625
6 0.54453125 0.77734375 0.0484375 0.1265625
6 0.55859375 0.909375 0.0484375 0.134375
6 0.5609375 0.98203125 0.0359375 0.03125
0 0.51171875 0.1671875 0.0421875 0.178125
0 0.48203125 0.225 0.03125 0.1046875
0 0.5015625 0.32109375 0.0453125 0.1125
0 0.53359375 0.69921875 0.046875 0.0953125
0 0.471875 0.0421875 0.040625 0.084375
0 0.50390625 0.4734375 0.0234375 0.0515625
0 0.5125 0.53828125 0.021875 0.053125
0 0.50625 0.040625 0.028125 0.08125