6 0.5640625 0.03828125 0.0359375 0.0765625
6 0.55703125 0.12421875 0.03515625 0.11328125
6 0.55234375 0.2390625 0.03203125 0.1265625
6 0.546875 0.37890625 0.034375 0.16015625
6 0.54140625 0.52421875 0.03046875 0.134375
6 0.534375 0.659375 0.02578125 0.14609375
6 0.5296875 0.7921875 0.02734375 0.115625
6 0.52578125 0.90703125 0.03515625 0.11171875
6 0.52109375 0.9828125 0.0328125 0.034375
0 0.5484375 0.11484375 0.0109375 0.1
0 0.546875 0.33515625 0.028125 0.08515625
0 0.5359375 0.59765625 0.01953125 0.07578125
0 0.58046875 0.08828125 0.015625 0.10234375
0 0.54140625 0.4453125 0.01953125 0.09140625