6 0.484375 0.053125 0.0625 0.10625
6 0.4984375 0.15546875 0.0546875 0.11875
6 0.515625 0.2671875 0.05625 0.1203125
6 0.53046875 0.38984375 0.05625 0.1421875
6 0.546875 0.5140625 0.05625 0.134375
6 0.56171875 0.63125 0.0609375 0.1390625
6 0.5765625 0.74765625 0.0515625 0.11875
6 0.5875 0.84375 0.05625 0.1046875
6 0.603125 0.93828125 0.0625 0.1078125
0 0.51640625 0.3234375 0.0515625 0.1671875
0 0.49453125 0.1734375 0.028125 0.084375
0 0.47734375 0.0453125 0.028125 0.0875
0 0.5125 0.18515625 0.021875 0.05625
0 0.5515625 0.565625 0.028125 0.071875
0 0.4953125 0.103125 0.040625 0.071875