6 0.5375 0.1921875 0.09296875 0.13515625
6 0.51796875 0.33359375 0.0734375 0.14609375
6 0.5234375 0.55390625 0.096875 0.2609375
6 0.515625 0.81953125 0.08671875 0.3609375
0 0.55 0.7765625 0.02734375 0.1609375
0 0.58046875 0.24765625 0.02890625 0.18984375
5 0.5765625 0.37265625 0.02734375 0.06796875
5 0.51796875 0.33515625 0.0671875 0.13984375
5 0.521875 0.153125 0.015625 0.04921875
0 0.534375 0.22265625 0.09375 0.0734375
5 0.5171875 0.5234375 0.0671875 0.175
5 0.515625 0.921875 0.0671875 0.15625
5 0.52265625 0.765625 0.03125 0.0703125
0 0.49375 0.715625 0.0328125 0.15703125