6 0.596875 0.046875 0.0390625 0.0828125
6 0.5859375 0.1328125 0.04375 0.128125
6 0.5703125 0.259375 0.046875 0.1328125
6 0.553125 0.38984375 0.0515625 0.1421875
6 0.53671875 0.5265625 0.0546875 0.146875
6 0.51875 0.65546875 0.0484375 0.1328125
6 0.50390625 0.78359375 0.053125 0.13125
6 0.4875 0.90546875 0.046875 0.11875
6 0.46953125 0.978125 0.03125 0.04375
0 0.5859375 0.084375 0.0265625 0.109375
0 0.59609375 0.14765625 0.01875 0.0828125
0 0.57109375 0.1890625 0.01875 0.0984375
0 0.57890625 0.25 0.0265625 0.11875
0 0.56328125 0.334375 0.0328125 0.059375
0 0.5125 0.65390625 0.0265625 0.115625
0 0.496875 0.971875 0.015625 0.05625
0 0.55078125 0.6265625 0.0265625 0.1234375
0 0.51953125 0.95078125 0.0328125 0.0984375