3 0.5453125 0.54375 0.1796875 0.1125
6 0.55859375 0.6265625 0.0609375 0.10625
6 0.5734375 0.740625 0.05 0.1109375
6 0.58046875 0.84140625 0.0453125 0.0890625
6 0.5859375 0.9359375 0.05 0.1171875
6 0.525 0.30703125 0.15 0.371875
6 0.50234375 0.07890625 0.1203125 0.1578125
0 0.58046875 0.90546875 0.0265625 0.1
0 0.5953125 0.7890625 0.0453125 0.209375
0 0.55390625 0.6796875 0.0546875 0.2046875
0 0.496875 0.009375 0.08125 0.01875
5 0.52265625 0.28515625 0.11875 0.2
5 0.4828125 0.06875 0.0640625 0.121875
0 0.53671875 0.0875 0.0453125 0.1015625
0 0.5140625 0.17109375 0.0875 0.09375
0 0.51015625 0.390625 0.046875 0.0484375
5 0.52578125 0.0546875 0.0375 0.06875