6 0.5640625 0.01796875 0.046875 0.0359375
6 0.55859375 0.07421875 0.03125 0.115625
6 0.5546875 0.17578125 0.03203125 0.11796875
6 0.55078125 0.29609375 0.03359375 0.121875
6 0.54453125 0.4203125 0.03671875 0.13125
6 0.540625 0.55 0.03984375 0.134375
6 0.53359375 0.671875 0.03515625 0.12265625
6 0.53125 0.79296875 0.0390625 0.1203125
6 0.525 0.909375 0.03515625 0.109375
6 0.515625 0.98046875 0.0265625 0.0390625
0 0.55 0.13046875 0.0171875 0.1015625
0 0.56484375 0.18984375 0.0109375 0.078125
0 0.5578125 0.0203125 0.0125 0.040625
0 0.5453125 0.23046875 0.009375 0.09296875
0 0.55703125 0.28671875 0.015625 0.1109375
0 0.54921875 0.36796875 0.02578125 0.0546875
0 0.528125 0.67109375 0.015625 0.10703125
0 0.53984375 0.971875 0.0109375 0.05625
0 0.56171875 0.6421875 0.01484375 0.11484375
0 0.559375 0.9515625 0.021875 0.096875