6 0.60859375 0.05703125 0.0390625 0.103125
6 0.59765625 0.15390625 0.0421875 0.1265625
6 0.58515625 0.28046875 0.04375 0.13125
6 0.56953125 0.41015625 0.0484375 0.140625
6 0.55625 0.546875 0.0515625 0.1453125
6 0.540625 0.67421875 0.046875 0.13125
6 0.528125 0.8015625 0.05 0.1296875
6 0.51328125 0.92421875 0.0453125 0.1171875
6 0.49765625 0.9875 0.0296875 0.025
0 0.596875 0.10546875 0.025 0.1078125
0 0.60859375 0.16875 0.0171875 0.0828125
0 0.584375 0.2109375 0.0171875 0.0984375
0 0.59296875 0.27109375 0.025 0.1171875
0 0.57890625 0.35546875 0.03125 0.059375
0 0.534375 0.6734375 0.025 0.1140625
0 0.52421875 0.98046875 0.0140625 0.0390625
0 0.571875 0.6453125 0.0234375 0.121875
0 0.5453125 0.959375 0.03125 0.08125