3 0.54296875 0.31875 0.1609375 0.08203125
6 0.5484375 0.12421875 0.0953125 0.2484375
6 0.54765625 0.38515625 0.05234375 0.13203125
6 0.54375 0.50625 0.04375 0.1078125
6 0.53828125 0.6296875 0.05078125 0.13828125
6 0.534375 0.734375 0.040625 0.115625
6 0.53203125 0.84453125 0.0375 0.12109375
6 0.52578125 0.94609375 0.04765625 0.1078125
5 0.54609375 0.08203125 0.0859375 0.15859375
0 0.52734375 0.17890625 0.034375 0.07109375
0 0.56171875 0.45859375 0.025 0.1390625
0 0.53203125 0.6328125 0.0125 0.1375
0 0.53671875 0.49453125 0.009375 0.07890625
0 0.534375 0.396875 0.02109375 0.1078125