3 0.54921875 0.1 0.14765625 0.0796875
6 0.55625 0.025 0.04375 0.05
6 0.55234375 0.1609375 0.03984375 0.1140625
6 0.55234375 0.265625 0.03359375 0.0984375
6 0.5484375 0.37578125 0.03828125 0.13046875
6 0.54375 0.50078125 0.03359375 0.12421875
6 0.54140625 0.62421875 0.03828125 0.1234375
6 0.53203125 0.740625 0.0359375 0.11796875
6 0.5265625 0.846875 0.03828125 0.10234375
6 0.52578125 0.946875 0.03671875 0.10546875
0 0.54453125 0.26015625 0.01328125 0.0734375
0 0.56640625 0.21328125 0.02265625 0.20234375
0 0.540625 0.36640625 0.0140625 0.13984375
0 0.53515625 0.509375 0.0125 0.12578125
0 0.54375 0.1609375 0.01875 0.11171875
0 0.55078125 0.309375 0.009375 0.0328125
0 0.53125 0.68671875 0.0125 0.05859375
0 0.55703125 0.3921875 0.01640625 0.08203125
0 0.528125 0.6203125 0.0078125 0.04375