6 0.553125 0.21328125 0.02890625 0.13203125
6 0.53984375 0.3578125 0.04453125 0.14765625
6 0.540625 0.5109375 0.0296875 0.15234375
6 0.5328125 0.675 0.03203125 0.1671875
6 0.52890625 0.81328125 0.03046875 0.11328125
6 0.5265625 0.946875 0.03828125 0.10625
0 0.534375 0.7203125 0.03125 0.0828125
0 0.53359375 0.35234375 0.01875 0.0796875
0 0.5484375 0.3953125 0.01875 0.0640625
6 0.55546875 0.071875 0.0328125 0.14296875
0 0.553125 0.2515625 0.03203125 0.06484375
0 0.5390625 0.56171875 0.02578125 0.07578125
0 0.5515625 0.084375 0.025 0.134375
5 0.553125 0.20546875 0.02421875 0.09375