6 0.640625 0.07109375 0.0640625 0.1125
6 0.6171875 0.1765625 0.05625 0.1234375
6 0.59375 0.29140625 0.0578125 0.125
6 0.56484375 0.41640625 0.0578125 0.146875
6 0.53671875 0.54296875 0.0578125 0.140625
6 0.51015625 0.66171875 0.0640625 0.14375
6 0.4828125 0.78125 0.0546875 0.1234375
6 0.459375 0.878125 0.059375 0.109375
6 0.44375 0.96015625 0.059375 0.0796875
0 0.575 0.34609375 0.053125 0.1734375
0 0.60625 0.19296875 0.028125 0.0875
0 0.634375 0.0609375 0.0296875 0.0890625
0 0.6203125 0.209375 0.021875 0.0578125
0 0.52265625 0.59453125 0.028125 0.075
0 0.63203125 0.1234375 0.04375 0.075