6 0.55859375 0.0640625 0.03515625 0.12734375
6 0.55390625 0.20390625 0.0328125 0.1375
6 0.55 0.34296875 0.0328125 0.13828125
6 0.53828125 0.48359375 0.04296875 0.14921875
6 0.53671875 0.6359375 0.0328125 0.15234375
6 0.53046875 0.78203125 0.02890625 0.13828125
6 0.5265625 0.9 0.025 0.0921875
0 0.53046875 0.48984375 0.021875 0.08515625
0 0.54609375 0.5234375 0.01796875 0.05390625
0 0.5484375 0.2046875 0.01171875 0.13046875
0 0.55859375 0.23203125 0.01328125 0.075
0 0.55546875 0.10625 0.0234375 0.05546875