6 0.64453125 0.06171875 0.1203125 0.1015625
6 0.59609375 0.22421875 0.1421875 0.290625
6 0.51953125 0.58515625 0.1859375 0.4671875
0 0.61171875 0.325 0.0765625 0.2171875
0 0.6140625 0.2140625 0.125 0.246875
5 0.60234375 0.18203125 0.0921875 0.1609375
5 0.50078125 0.6609375 0.1125 0.171875
0 0.5453125 0.3359375 0.0609375 0.1296875
0 0.5765625 0.50078125 0.0328125 0.0828125
5 0.5515625 0.42265625 0.071875 0.11875
5 0.68515625 0.06484375 0.0421875 0.0796875
5 0.52578125 0.53671875 0.0515625 0.096875
0 0.6484375 0.05859375 0.034375 0.0640625
0 0.48359375 0.95625 0.0296875 0.0796875