6 0.44375 0.96484375 0.05 0.0703125
6 0.47265625 0.859375 0.0671875 0.15
6 0.5046875 0.7140625 0.0828125 0.1625
6 0.54921875 0.5625 0.0640625 0.165625
6 0.5859375 0.40546875 0.0703125 0.178125
6 0.62265625 0.26328125 0.071875 0.1640625
6 0.6609375 0.1203125 0.06875 0.1484375
6 0.68359375 0.04921875 0.0546875 0.05
0 0.49453125 0.7140625 0.0453125 0.1125
0 0.5734375 0.45234375 0.034375 0.0875
0 0.59296875 0.35625 0.0328125 0.0921875
0 0.678125 0.05625 0.034375 0.0609375
0 0.65546875 0.1625 0.0375 0.0890625