6 0.459375 0.01953125 0.046875 0.0390625
6 0.47109375 0.08515625 0.065625 0.1265625
6 0.496875 0.20625 0.065625 0.1390625
6 0.5265625 0.35234375 0.0765625 0.175
6 0.55859375 0.5046875 0.0671875 0.146875
6 0.5859375 0.64609375 0.0640625 0.1578125
6 0.615625 0.78515625 0.0578125 0.1265625
6 0.64140625 0.90546875 0.065625 0.125
6 0.65234375 0.971875 0.0359375 0.01875
0 0.46015625 0.078125 0.0375 0.10625
0 0.515625 0.30703125 0.05 0.0953125
0 0.571875 0.58203125 0.0390625 0.084375
0 0.48515625 0.0484375 0.0421875 0.096875
0 0.5390625 0.42265625 0.04375 0.1