6 0.61328125 0.20859375 0.1234375 0.1578125
6 0.56484375 0.3515625 0.1046875 0.165625
6 0.52578125 0.58125 0.153125 0.2890625
6 0.4671875 0.82890625 0.153125 0.3421875
0 0.509375 0.8171875 0.0609375 0.1734375
0 0.64609375 0.27421875 0.06875 0.203125
5 0.6171875 0.403125 0.0421875 0.0765625
5 0.56484375 0.35234375 0.0984375 0.1578125
5 0.60546875 0.165625 0.0265625 0.053125
0 0.60390625 0.23984375 0.1125 0.0953125
5 0.52578125 0.54765625 0.1046875 0.1953125
5 0.44765625 0.9359375 0.0921875 0.128125
5 0.4828125 0.8 0.046875 0.0796875
0 0.46328125 0.74296875 0.065625 0.16875