5 0.5375 0.4453125 0.1890625 0.11875
6 0.6015625 0.21640625 0.1765625 0.3421875
6 0.64609375 0.03828125 0.109375 0.0578125
6 0.52734375 0.51640625 0.078125 0.125
6 0.496875 0.6265625 0.0703125 0.121875
6 0.4671875 0.74375 0.06875 0.128125
6 0.43515625 0.853125 0.071875 0.1140625
6 0.41015625 0.94296875 0.071875 0.10625
0 0.56171875 0.2734375 0.05625 0.065625
0 0.6390625 0.078125 0.0859375 0.0875
0 0.57109375 0.35234375 0.046875 0.0796875
5 0.628125 0.02421875 0.0515625 0.025
0 0.4578125 0.73984375 0.0390625 0.1109375
0 0.52578125 0.6046875 0.0515625 0.1296875
0 0.5015625 0.57109375 0.0609375 0.1859375
5 0.60703125 0.18203125 0.1296875 0.203125