3 0.52890625 0.55859375 0.1953125 0.1328125
6 0.55078125 0.64375 0.071875 0.115625
6 0.5765625 0.76171875 0.0625 0.1203125
6 0.5921875 0.86796875 0.0546875 0.096875
6 0.603125 0.94765625 0.053125 0.0875
6 0.48515625 0.3109375 0.1890625 0.3953125
6 0.44296875 0.0796875 0.1359375 0.159375
0 0.59921875 0.93515625 0.0359375 0.10625
0 0.603125 0.81015625 0.065625 0.21875
0 0.55078125 0.7 0.075 0.2171875
5 0.48125 0.28828125 0.1421875 0.215625
5 0.41796875 0.06640625 0.075 0.125
0 0.47734375 0.07890625 0.05625 0.1078125
0 0.46171875 0.16875 0.0984375 0.1046875
0 0.478125 0.4 0.053125 0.0546875
5 0.4625 0.0453125 0.0453125 0.075