3 0.55078125 0.22109375 0.15703125 0.08125
6 0.5515625 0.07734375 0.096875 0.1546875
6 0.5515625 0.278125 0.04609375 0.11875
6 0.55 0.38671875 0.04296875 0.084375
6 0.54296875 0.49765625 0.04140625 0.125
6 0.53984375 0.61640625 0.03515625 0.12890625
6 0.53359375 0.7296875 0.03828125 0.12109375
6 0.52734375 0.83359375 0.04140625 0.11953125
6 0.521875 0.93828125 0.04375 0.1234375
0 0.56328125 0.32421875 0.0234375 0.175
0 0.5390625 0.3 0.01484375 0.1078125
0 0.5359375 0.52890625 0.01953125 0.178125
0 0.55390625 0.48515625 0.015625 0.07734375
0 0.5296875 0.7078125 0.0171875 0.1015625
0 0.52421875 0.078125 0.03984375 0.0625
0 0.5421875 0.3828125 0.01328125 0.09140625
5 0.5453125 0.03359375 0.07734375 0.0671875