5 0.5484375 0.45703125 0.175 0.1078125
6 0.60390625 0.24375 0.159375 0.3171875
6 0.646875 0.05859375 0.1109375 0.0921875
6 0.53984375 0.521875 0.0703125 0.115625
6 0.5140625 0.62421875 0.0640625 0.1125
6 0.48828125 0.7328125 0.0625 0.11875
6 0.4609375 0.83515625 0.065625 0.10625
6 0.43515625 0.934375 0.071875 0.13125
5 0.67265625 0.05078125 0.0421875 0.05625
0 0.56796875 0.296875 0.0515625 0.059375
0 0.63671875 0.115625 0.078125 0.08125
0 0.578125 0.36953125 0.0421875 0.0734375
5 0.6296875 0.0453125 0.05625 0.0640625
0 0.4796875 0.72890625 0.034375 0.1015625
0 0.540625 0.60390625 0.0453125 0.1203125
0 0.5171875 0.5734375 0.053125 0.171875
5 0.60859375 0.2125 0.11875 0.1875