3 0.5078125 0.08359375 0.1640625 0.0984375
6 0.509375 0.01640625 0.05 0.0328125
6 0.5171875 0.14921875 0.053125 0.1265625
6 0.5265625 0.26171875 0.0453125 0.109375
6 0.5328125 0.38046875 0.053125 0.1421875
6 0.53984375 0.5140625 0.046875 0.1359375
6 0.54765625 0.6453125 0.053125 0.1359375
6 0.54921875 0.771875 0.0484375 0.1296875
6 0.553125 0.8859375 0.0515625 0.1125
6 0.55859375 0.96640625 0.04375 0.0640625
0 0.5171875 0.25625 0.0203125 0.0796875
0 0.5359375 0.20390625 0.04375 0.21875
0 0.5234375 0.37109375 0.028125 0.15
0 0.53125 0.52421875 0.025 0.1359375
0 0.5078125 0.15 0.03125 0.1203125
0 0.52890625 0.30859375 0.0125 0.0359375
0 0.54296875 0.71328125 0.01875 0.0640625
0 0.54375 0.396875 0.025 0.0890625
0 0.53359375 0.64296875 0.0125 0.046875