6 0.5484375 0.04375 0.10390625 0.0875
6 0.53125 0.21171875 0.0890625 0.271875
6 0.525 0.57265625 0.09765625 0.446875
0 0.565625 0.30625 0.0359375 0.209375
0 0.546875 0.19921875 0.0796875 0.23046875
5 0.5296875 0.16953125 0.0625 0.1484375
5 0.52109375 0.6484375 0.08203125 0.15625
0 0.50390625 0.328125 0.03671875 0.121875
0 0.5640625 0.48046875 0.01796875 0.07890625
5 0.52578125 0.41015625 0.05 0.1078125
5 0.58671875 0.03984375 0.0265625 0.0796875
5 0.521875 0.525 0.034375 0.08984375
0 0.5515625 0.04296875 0.02265625 0.059375
0 0.56015625 0.93515625 0.015625 0.0765625