6 0.58203125 0.95703125 0.046875 0.0765625
6 0.5703125 0.846875 0.059375 0.14375
6 0.54921875 0.7046875 0.0734375 0.15625
6 0.5359375 0.553125 0.0546875 0.1609375
6 0.5140625 0.39921875 0.0609375 0.171875
6 0.4984375 0.25703125 0.0609375 0.1578125
6 0.48359375 0.115625 0.059375 0.1421875
6 0.47734375 0.0328125 0.0546875 0.065625
0 0.5390625 0.70703125 0.0390625 0.109375
0 0.51953125 0.4453125 0.0296875 0.0828125
0 0.503125 0.3515625 0.028125 0.0890625
0 0.4765625 0.0421875 0.034375 0.078125
0 0.49375 0.15546875 0.0328125 0.0859375