6 0.5234375 0.92265625 0.03046875 0.12890625
6 0.521875 0.796875 0.04609375 0.12421875
6 0.534375 0.66640625 0.0328125 0.15078125
6 0.54140625 0.52109375 0.034375 0.14609375
6 0.54765625 0.37890625 0.03359375 0.1484375
6 0.55234375 0.23984375 0.03515625 0.1296875
6 0.55859375 0.12265625 0.03359375 0.125
6 0.55859375 0.0390625 0.03515625 0.07734375
0 0.51796875 0.7890625 0.021875 0.07109375
0 0.54140625 0.55546875 0.02890625 0.0625
0 0.53671875 0.46328125 0.015625 0.06953125
0 0.55546875 0.4046875 0.015625 0.09609375
0 0.540625 0.71015625 0.0171875 0.06015625
0 0.55859375 0.16171875 0.0109375 0.05859375
0 0.55703125 0.28671875 0.0203125 0.075
0 0.58203125 0.16875 0.01328125 0.0921875
0 0.5828125 0.090625 0.01171875 0.06953125