6 0.54140625 0.203125 0.040625 0.14375
6 0.53828125 0.359375 0.059375 0.1609375
6 0.54921875 0.5234375 0.04375 0.165625
6 0.55390625 0.7 0.046875 0.18125
6 0.559375 0.8484375 0.040625 0.1234375
6 0.56484375 0.965625 0.0453125 0.065625
0 0.55859375 0.7484375 0.0390625 0.090625
0 0.5296875 0.353125 0.025 0.0875
0 0.54921875 0.3984375 0.025 0.0703125
6 0.5328125 0.0640625 0.04375 0.128125
0 0.54296875 0.24375 0.0390625 0.071875
0 0.5515625 0.578125 0.034375 0.0828125
0 0.52734375 0.06875 0.0359375 0.1375
5 0.53984375 0.19453125 0.0328125 0.103125