3 0.509375 0.2171875 0.16875 0.10625
6 0.48828125 0.0796875 0.1203125 0.159375
6 0.51953125 0.27421875 0.065625 0.125
6 0.534375 0.38203125 0.05625 0.090625
6 0.54453125 0.49296875 0.0609375 0.13125
6 0.56015625 0.61171875 0.0546875 0.1328125
6 0.571875 0.725 0.05625 0.1265625
6 0.58203125 0.8296875 0.059375 0.125
6 0.59296875 0.93125 0.0609375 0.1234375
0 0.53828125 0.3171875 0.05 0.178125
0 0.51015625 0.29765625 0.03125 0.109375
0 0.54375 0.52578125 0.046875 0.1796875
0 0.5546875 0.47890625 0.028125 0.0796875
0 0.565625 0.70390625 0.0328125 0.103125
0 0.46015625 0.07890625 0.05 0.06875
0 0.5265625 0.3796875 0.028125 0.09375
5 0.475 0.03515625 0.0875 0.0703125