6 0.559375 0.0421875 0.040625 0.084375
6 0.55625 0.134375 0.03828125 0.10078125
6 0.553125 0.24296875 0.03671875 0.1171875
6 0.54921875 0.3703125 0.034375 0.13828125
6 0.54140625 0.51328125 0.03125 0.1328125
6 0.53671875 0.6359375 0.0328125 0.11171875
6 0.53125 0.75078125 0.028125 0.1125
6 0.52734375 0.871875 0.028125 0.1203125
6 0.5203125 0.96328125 0.0296875 0.07265625
0 0.54140625 0.9703125 0.00703125 0.059375
0 0.5796875 0.19453125 0.0171875 0.1625
0 0.54453125 0.24375 0.015625 0.09453125
0 0.55078125 0.3328125 0.02890625 0.09921875
0 0.53125 0.678125 0.03125 0.08359375
0 0.559375 0.0765625 0.0265625 0.075
0 0.53359375 0.47109375 0.01484375 0.04453125
0 0.5328125 0.53046875 0.01328125 0.046875
0 0.5921875 0.059375 0.01328125 0.11640625