6 0.41484375 0.93359375 0.05625 0.121875
6 0.43984375 0.809375 0.078125 0.1453125
6 0.48359375 0.66953125 0.0703125 0.1703125
6 0.52421875 0.51328125 0.0703125 0.165625
6 0.56484375 0.36015625 0.0703125 0.16875
6 0.6015625 0.21015625 0.06875 0.15
6 0.634375 0.0859375 0.0640625 0.1390625
0 0.4375 0.79921875 0.040625 0.0828125
0 0.51640625 0.55078125 0.0453125 0.075
0 0.5328125 0.44921875 0.0328125 0.0796875
0 0.56640625 0.38984375 0.0390625 0.1078125
0 0.4796875 0.71875 0.0328125 0.06875
0 0.6265625 0.1265625 0.025 0.065625
0 0.59609375 0.2625 0.0390625 0.0859375
0 0.65 0.13984375 0.034375 0.103125
0 0.6671875 0.05859375 0.0265625 0.06875