6 0.56171875 0.0546875 0.0453125 0.109375
6 0.55703125 0.1609375 0.03515625 0.1140625
6 0.55390625 0.2734375 0.0359375 0.11484375
6 0.54765625 0.39609375 0.03203125 0.1375
6 0.5421875 0.5203125 0.03359375 0.1296875
6 0.53671875 0.6375 0.0375 0.13359375
6 0.53046875 0.75390625 0.0328125 0.1140625
6 0.525 0.85 0.03984375 0.09921875
6 0.52578125 0.9484375 0.0453125 0.103125
0 0.54453125 0.328125 0.0234375 0.16484375
0 0.55 0.178125 0.01328125 0.0828125
0 0.55390625 0.04921875 0.0140625 0.08515625
0 0.56484375 0.1921875 0.0125 0.0546875
0 0.5375 0.571875 0.01484375 0.0703125
0 0.56171875 0.109375 0.0296875 0.06796875