6 0.5171875 0.0296875 0.046875 0.059375
6 0.5203125 0.11015625 0.046875 0.10625
6 0.52578125 0.221875 0.0453125 0.121875
6 0.53046875 0.35234375 0.0453125 0.14375
6 0.5328125 0.5 0.0421875 0.1375
6 0.5359375 0.62578125 0.0421875 0.1171875
6 0.53984375 0.74453125 0.0375 0.1171875
6 0.54453125 0.86875 0.0375 0.125
6 0.54296875 0.96171875 0.0359375 0.075
0 0.56484375 0.9671875 0.0125 0.059375
0 0.54921875 0.1703125 0.028125 0.16875
0 0.5171875 0.2234375 0.0234375 0.0984375
0 0.5296875 0.31484375 0.0359375 0.103125
0 0.534375 0.66953125 0.0375 0.0875
0 0.5203125 0.05078125 0.0328125 0.0796875
0 0.521875 0.45703125 0.01875 0.046875
0 0.52578125 0.51875 0.0171875 0.05
0 0.55078125 0.04453125 0.0203125 0.0890625