3 0.53125 0.55859375 0.1625 0.0890625
6 0.534375 0.63828125 0.04609375 0.09765625
6 0.534375 0.7484375 0.0359375 0.10390625
6 0.5296875 0.8453125 0.0328125 0.08203125
6 0.52421875 0.94140625 0.034375 0.1171875
6 0.53984375 0.33046875 0.1015625 0.34609375
6 0.54609375 0.09140625 0.09765625 0.18203125
0 0.521875 0.90625 0.01328125 0.09453125
0 0.55 0.796875 0.01875 0.19921875
0 0.5234375 0.6890625 0.02890625 0.1953125
0 0.5484375 0.0265625 0.07734375 0.0453125
5 0.53984375 0.31015625 0.09296875 0.18125
5 0.5265625 0.0984375 0.04765625 0.11171875
0 0.57578125 0.1234375 0.03203125 0.09375
0 0.54453125 0.2 0.07421875 0.08125
0 0.515625 0.40859375 0.040625 0.0421875
5 0.56953125 0.090625 0.028125 0.06328125