6 0.64296875 0.04296875 0.040625 0.053125
6 0.625 0.1109375 0.059375 0.1203125
6 0.6 0.234375 0.0640625 0.146875
6 0.57421875 0.34296875 0.05625 0.1046875
6 0.546875 0.46640625 0.0703125 0.15625
6 0.51171875 0.59765625 0.05625 0.11875
6 0.48515625 0.72109375 0.0609375 0.14375
6 0.4515625 0.8453125 0.0578125 0.1296875
6 0.4296875 0.940625 0.0515625 0.1109375
0 0.43984375 0.89453125 0.05 0.0609375
0 0.50859375 0.58515625 0.034375 0.0921875
0 0.6078125 0.2375 0.0296875 0.0875
0 0.615625 0.1703125 0.046875 0.084375