6 0.5765625 0.95703125 0.040625 0.078125
6 0.5640625 0.853125 0.0640625 0.140625
6 0.5625 0.70859375 0.053125 0.16875
6 0.553125 0.54765625 0.0546875 0.1625
6 0.54453125 0.39140625 0.053125 0.165625
6 0.5328125 0.2390625 0.053125 0.146875
6 0.5265625 0.1109375 0.0515625 0.1421875
6 0.5171875 0.03046875 0.04375 0.0609375
0 0.5578125 0.84453125 0.03125 0.0796875
0 0.55703125 0.5859375 0.0375 0.071875
0 0.54140625 0.4859375 0.025 0.078125
0 0.55546875 0.41953125 0.028125 0.1078125
0 0.57421875 0.75625 0.025 0.0671875
0 0.53125 0.15234375 0.01875 0.065625
0 0.54296875 0.28984375 0.03125 0.084375
0 0.5578125 0.15859375 0.025 0.1015625
0 0.5484375 0.07265625 0.021875 0.078125