6 0.478125 0.190625 0.1171875 0.15
6 0.4859375 0.33359375 0.1 0.1578125
6 0.53359375 0.5484375 0.1453125 0.275
6 0.57578125 0.8109375 0.153125 0.3703125
0 0.6015625 0.76171875 0.0578125 0.1625
0 0.53046875 0.23671875 0.0640625 0.1921875
5 0.55078125 0.36015625 0.0390625 0.071875
5 0.4859375 0.334375 0.0921875 0.15
5 0.45546875 0.15546875 0.025 0.0515625
0 0.48046875 0.22109375 0.10625 0.090625
5 0.52109375 0.51953125 0.1 0.184375
5 0.59609375 0.9109375 0.0953125 0.165625
5 0.57265625 0.75625 0.04375 0.075
0 0.53515625 0.7125 0.0625 0.1609375