6 0.56015625 0.05390625 0.03125 0.1078125
6 0.5515625 0.1734375 0.03984375 0.11953125
6 0.54921875 0.31640625 0.0359375 0.1515625
6 0.54453125 0.4671875 0.04453125 0.140625
6 0.54140625 0.61015625 0.04765625 0.14765625
6 0.53046875 0.76953125 0.03125 0.09296875
6 0.52578125 0.88046875 0.03984375 0.13046875
0 0.54453125 0.16953125 0.021875 0.0828125
0 0.54453125 0.4328125 0.021875 0.0828125
0 0.56171875 0.1984375 0.009375 0.0640625
0 0.55234375 0.2765625 0.02421875 0.07578125
0 0.553125 0.35859375 0.01640625 0.06953125