7 0.0015625 0.59609375 0.003125 0.0140625
7 0.0078125 0.596875 0.003125 0.0046875
7 0.02265625 0.59765625 0.01875 0.0109375
7 0.040625 0.5984375 0.0078125 0.009375
7 0.06328125 0.6015625 0.0203125 0.0125
7 0.0765625 0.5984375 0.0046875 0.0078125
7 0.1046875 0.60078125 0.0375 0.0109375
7 0.13125 0.60234375 0.0046875 0.0125
7 0.1421875 0.5984375 0.0078125 0.0109375
7 0.1515625 0.60078125 0.00625 0.0125
7 0.16015625 0.60078125 0.003125 0.0078125
7 0.17890625 0.60234375 0.0296875 0.015625
7 0.20546875 0.6046875 0.021875 0.015625
7 0.2234375 0.6015625 0.009375 0.0140625
7 0.23984375 0.6046875 0.00625 0.0125
7 0.2640625 0.60234375 0.0328125 0.015625
7 0.2453125 0.6078125 0.003125 0.0109375
7 0.2859375 0.6015625 0.0046875 0.0046875
7 0.27109375 0.58984375 0.0015625 0.0046875
7 0.28203125 0.5890625 0.003125 0.00625
7 0.31953125 0.60625 0.0234375 0.0140625
7 0.3015625 0.60625 0.003125 0.0046875
7 0.340625 0.60625 0.0125 0.0125
7 0.35546875 0.59375 0.003125 0.0078125
7 0.353125 0.60390625 0.009375 0.009375
7 0.36953125 0.60625 0.015625 0.0125
7 0.384375 0.6046875 0.0015625 0.0046875
7 0.39375 0.60625 0.0109375 0.0125
7 0.40390625 0.6125 0.00625 0.0078125
7 0.415625 0.60703125 0.015625 0.0171875
7 0.4328125 0.5875 0.003125 0.0046875
7 0.440625 0.6109375 0.0109375 0.0140625
7 0.4828125 0.6109375 0.0671875 0.015625
7 0.5234375 0.6109375 0.009375 0.0109375
7 0.54140625 0.60859375 0.0046875 0.0140625
7 0.54765625 0.6171875 0.003125 0.0140625
7 0.5625 0.6140625 0.003125 0.0046875
7 0.54921875 0.62890625 0.028125 0.0203125
7 0.60859375 0.6140625 0.0234375 0.0125
7 0.64140625 0.61484375 0.028125 0.0140625
7 0.690625 0.61796875 0.0640625 0.015625
7 0.7390625 0.61640625 0.0140625 0.0140625
7 0.76015625 0.61953125 0.0140625 0.0125
7 0.8015625 0.61953125 0.0296875 0.015625
7 0.84140625 0.62265625 0.034375 0.015625
7 0.8625 0.61953125 0.0078125 0.0078125
7 0.884375 0.62578125 0.0265625 0.0125
7 0.909375 0.62578125 0.0234375 0.0140625
7 0.92421875 0.6109375 0.003125 0.0078125
7 0.92734375 0.62578125 0.0109375 0.0125
7 0.93515625 0.62265625 0.003125 0.0078125
7 0.94375 0.62734375 0.0109375 0.0140625
7 0.95546875 0.62578125 0.00625 0.0125
7 0.96640625 0.62578125 0.0109375 0.015625
7 0.9859375 0.62734375 0.0234375 0.0140625