7 0.00546875 0.73046875 0.0109375 0.0171875
7 0.0234375 0.73203125 0.0125 0.0203125
7 0.04140625 0.734375 0.009375 0.01875
7 0.05234375 0.7234375 0.00625 0.0265625
7 0.0671875 0.72578125 0.0140625 0.021875
7 0.08359375 0.72734375 0.0125 0.015625
7 0.09609375 0.7203125 0.009375 0.01875
7 0.10703125 0.7203125 0.00625 0.025
7 0.12578125 0.71171875 0.009375 0.03125
7 0.13984375 0.725 0.0125 0.028125
7 0.1625 0.7140625 0.0125 0.028125
7 0.1828125 0.6890625 0.0046875 0.009375
7 0.19609375 0.71875 0.01875 0.0265625
7 0.20234375 0.6828125 0.00625 0.0125
7 0.23203125 0.70625 0.0125 0.0203125
7 0.2546875 0.70546875 0.0265625 0.025
7 0.2796875 0.69921875 0.021875 0.01875
7 0.31015625 0.696875 0.015625 0.0203125
7 0.3296875 0.68125 0.0046875 0.0171875
7 0.32890625 0.7 0.0078125 0.01875
7 0.35390625 0.69765625 0.0328125 0.025
7 0.38359375 0.68984375 0.0296875 0.0203125
7 0.4171875 0.690625 0.0328125 0.034375
7 0.45859375 0.67890625 0.0359375 0.025
7 0.48828125 0.68359375 0.00625 0.0171875
7 0.50234375 0.6796875 0.0109375 0.0140625
7 0.5109375 0.66875 0.0046875 0.021875
7 0.5203125 0.68359375 0.0125 0.0171875
7 0.5328125 0.68203125 0.0046875 0.0140625
7 0.54140625 0.6734375 0.0125 0.0171875
7 0.56796875 0.6703125 0.034375 0.0203125
7 0.59375 0.67578125 0.0078125 0.034375
7 0.6078125 0.665625 0.0046875 0.0109375
7 0.640625 0.6734375 0.0046875 0.0171875
7 0.67890625 0.659375 0.0234375 0.01875
7 0.7171875 0.65546875 0.0234375 0.0171875
7 0.76171875 0.65234375 0.0203125 0.01875
7 0.74296875 0.659375 0.0078125 0.0171875
7 0.78046875 0.646875 0.0125 0.0109375
7 0.81171875 0.64765625 0.015625 0.015625
7 0.83828125 0.64375 0.00625 0.0125
7 0.825 0.64453125 0.003125 0.0078125
7 0.89296875 0.63203125 0.009375 0.0203125
7 0.9078125 0.64296875 0.0046875 0.0171875
7 0.91875 0.6296875 0.025 0.015625
7 0.946875 0.6109375 0.00625 0.0109375
7 0.95546875 0.63359375 0.0109375 0.0109375
7 0.98046875 0.63828125 0.03125 0.025