6 0.7890625 0.38671875 0.1046875 0.0296875
6 0.3765625 0.42109375 0.0625 0.034375
7 0.4421875 0.40859375 0.046875 0.0265625
7 0.42890625 0.428125 0.0421875 0.015625
7 0.39375 0.4359375 0.028125 0.0109375
7 0.4546875 0.3671875 0.034375 0.015625
7 0.4890625 0.36640625 0.0265625 0.0109375
7 0.50546875 0.378125 0.025 0.0109375
6 0.54140625 0.38359375 0.096875 0.0546875
7 0.553125 0.3875 0.01875 0.0078125
7 0.7484375 0.36953125 0.0203125 0.0171875
6 0.67578125 0.39296875 0.0671875 0.0203125
7 0.6078125 0.41328125 0.0203125 0.0125
7 0.71796875 0.39140625 0.009375 0.0078125
7 0.821875 0.3625 0.0890625 0.0234375